0.09551355
0.11599751
0.16461763
0.40360153
0.15418534
0.37842986
0.09052607
0.08202860
0.09186164
-0.16724017
0.46781084
-0.35251877
-0.32809469
0.12287649
0.23391080
-0.03708149
0.01738119
-0.18035102
0.44086501
0.22450198
-0.78372908
-1.03223479
-1.12554491
-0.36583459
-0.21432357
-0.35358232
0.36003792
-0.69338548
-1.04623795
0.18301012
0.33899704
-0.18980187
-0.00407888
0.23309870
1.27823806
0.52672976
0.82393062
0.69720161
0.57080525
0.13136306
-0.12721756
-0.57787186
0.33367389
1.68579137
0.87888825
0.38264999
0.03004570
0.15534081
0.00485348
-0.43585446
-0.22562271
0.39357477
0.10403971
0.39053074
0.39388704
0.12439372
0.02890648
-0.11617479
-0.29563731
-0.90452141
-0.62137085
-0.36376160
0.01549558
-0.04024442
0.03830203
-0.02604268
0.10367398
-0.07408774
-0.07454975
-0.07455425
0.11243035
0.04165639
0.12028135
-0.10315959
-0.12400646
-0.09786373
-0.08413506
0.05062732
0.04475948
0.10386555
-0.06454352
-0.08516415
0.06617281
-0.05097303
0.07504810
-0.03013222
0.07147608
-0.09712100
-0.06312029
0.03799169
0.02629134
-0.03192301
0.07388059
0.08437689
-0.09051487
-0.06672014
0.11436591
-0.04294913
-0.04546044
-0.12170589
-0.07183301
0.03040149
-0.01635426
-0.09067737
0.00293209
-0.08541402
-0.10617194
-0.06887450
-0.10937097
-0.07949028
0.12435218
0.02348367
0.03851996
-0.11658554
-0.08209673
-0.04160698
0.01976394
-0.10966677
-0.05456451
-0.07493851
0.00034641
-0.04651290
-0.00866197
-0.08470371
-0.08577926
-0.07300433
-0.04312271
-0.09867375
0.10524609
-0.02295746
0.02250675
-0.32632327
-0.51973516
0.02182610
0.02015652
-0.03762599
-0.11567531
-0.19324893
-0.08458778
-0.14851291
0.29222333
0.06530399
0.56430805
0.18697941
-0.17846996
-0.49994424
0.04725202
0.38558611
0.14863296
0.35654408
0.42038053
0.46277446
-0.15213723
0.83958387
1.83753955
1.47441649
0.49797460
0.74826771
0.05534164
-0.11359882
0.05183456
0.50111443
0.67087692
-0.28400853
0.36993346
0.82545251
-0.29669315
-0.55336100
-0.10231630
-0.62366629
-0.34961525
-1.26144004
0.15532999
0.20953675
-0.73541337
-0.64579481
-0.15625659
-0.52592933
-0.64039588
0.11133685
0.02732550
-0.10658854
-0.13616118
-0.16540532
0.06749589
0.15830104
0.45916840
0.48645511
0.31953889
0.47553703
0.19273722
-0.03611608
0.07990086
0.10742402
-0.01242463
-0.02836477
0.00159246
-0.00747144
0.03005905
0.03503186
-0.11353210
-0.04614135
0.10532612
0.04858268
-0.00689788
-0.07527714
-0.07560284
-0.11145583
-0.04074530
0.04234630
0.08157337
0.05880894
-0.11066709
-0.07451049
-0.01716151
0.12182859
0.01808219
-0.03162398
0.05335832
-0.04814066
-0.08224232
0.09205353
-0.05665240
-0.02549531
-0.12434997
0.08391318
0.09624387
0.04597068
-0.08619323
-0.12094889
-0.10209956
0.09244759
0.06001391
0.10475913
0.06524646
0.03304457
0.00103399
-0.09484302
-0.10786641
-0.11721745
0.05117024
-0.06139523
-0.02480140
-0.07107505
-0.02131635
-0.08810273
-0.08179688
0.04145921
-0.03714955
0.07717913
-0.03983461
-0.09151585
-0.02180401
-0.06055094
-0.03824270
-0.11899945
0.06993167
-0.08724836
0.06949329
0.07400064
0.10426021
-0.09141297
0.09089962
-0.05899734
0.04372152
0.09496253
0.02625430
0.07190473
0.04367672
-0.08486375
0.04452046
-0.12261325
0.07600482
0.07061166
0.21946968
-0.08926183
-0.20602994
0.01704768
0.01534735
-0.12306941
-0.01305387
0.01492840
0.25209028
-0.04202080
-0.05409985
0.13419963
-0.06757188
0.09716934
0.10987229
0.01789544
0.12376584
-0.09850416
-0.22477069
-0.00966383
0.12171282
-0.06299035
-0.08016571
-0.03006218
-0.04849696
-0.08637621
0.01236915
0.06770743
0.01048526
-0.04543716
-0.10304768
0.09435745
-0.06731200
0.02600862
0.01779497
0.07602285
0.14701970
0.06152709
-0.10887443
0.04327648
0.11394487
0.03987730
0.10891438
0.14640208
-0.01917771
0.02572769
-0.08709548
-0.04801077
-0.14929958
-0.42089030
-0.56032187
-0.42611143
-0.19548228
-0.13170233
-0.06651781
0.19597994
0.19485509
0.42464328
-0.01630456
-0.41153914
-0.21597448
-0.21120897
0.14523949
0.84533697
0.74754769
0.99912739
0.63485688
0.92711586
-0.10475622
-0.95910400
0.11782729
0.33620283
0.19950943
-1.19181597
1.09268868
1.58838868
0.54729545
-0.46670261
0.19753952
0.19829436
-0.47932625
0.20444524
2.31917286
0.54986519
-0.72040999
-0.11018193
-0.06522634
-0.74156958
-0.75212556
-0.36645430
-0.74662662
-0.84875029
-0.63880998
-0.20334797
-0.15893720
-0.12095301
-0.44039702
-1.03459370
-0.23978738
0.10679918
-0.23073325
-0.09128261
0.01765285
0.21225236
0.67472094
0.63187766
0.88254344
0.45207304
0.18478885
0.10231162
0.00175281
0.11373127
-0.10645826
-0.04771651
0.07291761
-0.02721744
-0.02558753
-0.05209896
0.08566860
0.06072242
0.04156836
-0.06742385
-0.09991756
0.01368236
0.03702633
-0.05771399
-0.03778107
0.07238214
-0.01215275
-0.01506711
-0.04643812
-0.12467246
-0.11926926
-0.05979428
-0.06485085
0.02946378
-0.05201635
-0.05876659
0.10245812
0.01544440
0.08247056
-0.06063169
-0.05140489
0.04332335
-0.08478761
-0.08004416
-0.01787431
-0.06358615
-0.09707835
0.07431657
0.10049040
0.02047972
-0.02077765
-0.11973661
-0.06996419
0.02221715
0.06111082
-0.01573907
-0.04939605
0.07008933
-0.09834079
0.07141113
-0.06743774
-0.00095890
-0.02375070
0.01512772
-0.03777377
0.09092114
-0.00365180
0.09088300
0.10914667
-0.06378725
-0.09138982
0.10026721
0.09775994
-0.11202310
-0.13533196
-0.27124953
-0.27229545
-0.33102247
-0.04594755
0.02308618
-0.04143813
-0.02602719
-0.45465577
-0.01956001
-0.54612744
-0.33693716
0.16602230
-0.05437301
0.15420684
0.17705439
0.46513572
1.54116452
1.46255493
0.34898627
0.71652585
0.55643588
0.35971498
0.37976864
-0.14242861
-1.03184843
0.98248339
-0.60859209
-0.47609186
0.11950280
0.10144459
-0.65120965
-1.39834046
-1.01217353
-0.42237401
-0.51531672
-0.14761673
0.01108442
0.08431024
0.07549632
-0.20970657
0.80053413
-0.25031501
-0.62470967
0.16426182
0.16467409
0.01000717
0.39240769
0.70649809
-0.51627678
0.06111263
0.15672164
0.04857547
0.12930259
0.09202750
0.06746843
-0.01399517
0.21252750
0.55278766
0.22736786
-0.04213468
-0.11725997
0.03861407
-0.10549159
-0.12706491
-0.26963881
-0.07280419
-0.21684375
0.05908221
-0.00258008
-0.03076321
-0.09347045
-0.22016743
0.40094790
0.91998130
0.42841506
0.19016622
0.10617547
-0.05792092
-0.33389407
0.40001202
0.73606366
-0.34350124
0.45262203
0.24691476
0.26123551
-0.20843814
0.01898121
0.41884664
-0.15392436
-1.07680798
-0.02639669
-0.60197395
0.01256038
0.10064083
0.01993680
0.29719523
0.46766913
0.64066422
0.06460220
-0.76864409
0.03449509
-0.06786244
0.29160944
-0.04479606
-0.75208038
0.01890712
0.00701977
0.23778988
0.22747561
0.06683157
0.08025867
0.17404933
-0.23779200
-0.29785562
0.66604894
0.52033842
0.00607269
-0.11933647
-0.16984376
-0.07608502
0.02238061
0.11832765
0.34446976
0.25659144
-0.02610455
-0.03635985
0.06674416
-0.06167136
-0.05910407
0.07701592
-0.10891325
0.01528428
0.11042275
0.02143581
0.03399298
-0.07279889
-0.00172474
0.00686924
0.03067356
0.04856585
0.10861598
-0.09541243
0.00374691
-0.06245454
-0.09888339
-0.01001221
-0.11003251
0.08723273
0.01447685
-0.06737040
0.06532047
-0.11830384
-0.04834990
-0.02435234
-0.10622142
-0.07949097
-0.02040233
0.09484371
0.12069893
0.07952800
-0.07464288
-0.08178020
0.10908059
0.04421206
0.00332096
0.01691611
-0.10046677
-0.04174355
0.12031831
-0.03083682
-0.00627417
-0.10379179
-0.06992589
-0.00255245
-0.07764541
-0.01550321
0.05086759
-0.12227347
0.03712634
-0.08265102
-0.06100638
0.04798871
0.09939003
-0.03416358
-0.05132113
-0.11302948
-0.06445721
-0.10945462
-0.02860881
0.02523792
-0.12815903
0.13225827
0.17045088
-0.17730694
-0.17578875
-0.05402992
-0.02768119
-0.01123652
-0.05396433
0.64666891
0.84701514
0.94999635
-0.22217846
-0.87709939
-0.01019513
0.07194211
0.44392526
1.24360073
0.71466422
1.01140261
1.42360115
0.92046034
0.45672697
0.15536724
-0.16266170
-0.37056607
0.00200298
-1.48688114
0.62188733
0.85329777
0.50182825
0.14999872
-0.07989690
0.31264609
0.12256277
-1.21558022
0.58119625
-0.07352460
0.46829411
0.18163511
1.15811026
1.10655642
-0.54627728
-0.26407468
0.74196994
0.63914984
0.37039825
-0.08182010
0.23518926
0.40539226
1.16185033
0.43577296
-0.08828362
0.20218544
0.15052955
0.10375918
0.04344973
-0.13248634
0.82818985
0.90385664
0.01845447
-0.12396502
-0.10066184
0.03149221
-0.10924558
-0.07113171
-0.18916829
-0.14415067
0.09380453
-0.01351182
0.05903070
0.08469845
0.06329857
0.58762032
0.08902881
-0.58355665
0.21378207
0.36167675
0.19102757
0.07169175
0.57258499
0.94815445
0.23912004
-0.32114452
0.44564265
0.71306431
0.48780265
0.03420716
-0.03486259
0.44046557
0.41806525
0.03862461
-0.55426401
-1.38915598
-0.07204147
-0.02946760
-0.59266025
-0.67607069
-0.13801283
0.47426388
1.37823260
0.36988005
-0.03614644
0.06169198
0.13032128
-1.30834568
-1.18142128
0.15972711
0.27493134
0.27025297
-0.02477884
0.01572750
0.07861392
0.18636645
0.37279761
0.32677522
0.12980029
-0.30123943
0.06729773
-0.04921226
0.09143336
0.38450992
0.72774798
0.54842114
-0.06720775
-0.10477265
-0.12585738
-0.08042996
0.13850351
0.18113051
0.38167518
0.24380083
0.06707042
0.01557010
-0.02292084
-0.09784504
-0.09856915
-0.05758123
0.63286334
1.17239201
0.45077038
0.21841930
0.09544866
-0.16875689
-0.22762427
0.54075140
-0.11461705
-1.04831707
-0.41574058
0.32606003
0.36033949
-0.15338364
-0.11260565
-0.17508635
0.58462888
1.10159576
-0.28878123
0.03605470
0.27053580
-0.04898708
-0.26240802
-1.28356874
2.23085952
1.35769975
-1.20597017
-0.68388265
0.05019066
0.19401795
0.43844733
0.89718461
-0.10152216
-0.11206611
0.82663137
0.78081405
0.07910120
0.13277940
0.43366694
0.35275009
0.07426154
0.98471302
1.39145696
0.39668494
-0.04063283
-0.03802991
-0.21980436
-0.29411119
-0.05460966
-0.19836411
-0.01383980
0.11259633
-0.00046043
-0.10957006
-0.08455022
-0.26130778
-0.26323974
-0.14673023
-0.01681646
-0.02026808
-0.07398694
0.04673247
0.00827728
-0.10032538
-0.61163378
-1.06091475
-0.04710193
0.65131712
0.08084610
0.13120258
0.40146703
-0.05631562
-0.88914979
-1.45142436
0.75314963
0.61661440
0.08808546
0.12267199
-0.27826270
0.52412564
1.21977305
0.04581307
-0.05116992
-0.47257197
-0.22076455
-0.03507981
0.60298103
0.73794973
-0.35394308
0.44014823
0.51381052
0.32589400
0.10320678
0.07292222
0.39179784
-0.54246485
-0.29858568
0.09511400
-0.24266410
-0.10322375
-0.05751731
0.06431539
0.06538778
-0.15478744
-0.14525244
0.36818096
0.43701243
-0.07385050
-0.06487688
-0.10628266
-0.05079385
-0.29079399
-0.49977413
-0.27141899
-0.44515339
-0.09242203
0.02846155
-0.04468755
-0.06464510
-0.10781645
-0.13989225
0.05794260
-0.06266645
0.02246303
-0.00805510
0.02023406
-0.06832919
-0.51151955
-0.42169458
-0.50248772
-0.62114739
-0.33234915
0.08849588
0.07468016
-0.31623858
-0.46940720
-0.34136450
-0.07224923
0.63902825
0.36745754
0.19986136
-0.14567189
-0.31165144
0.19820428
0.38686720
0.09003041
-0.25500229
-0.54749644
0.12590806
-0.03407445
0.35994688
0.97855419
0.38181856
0.86013365
-0.11481836
-0.28244945
0.08136676
-0.04692440
0.51454628
0.16817471
0.00123997
0.07801903
-0.35525498
0.09518745
0.09867463
-0.11425675
-0.20176609
-0.79828030
-1.18483007
-1.06016552
-0.19276242
-0.04685180
-0.01858080
0.09636792
0.01492305
-0.10373536
-0.22129080
-0.08452747
-0.11062585
0.09460440
0.01591270
-0.09335744
0.01993806
-0.01949087
0.29715428
0.48974523
0.30428898
-0.01428271
-0.03190887
0.07298539
0.47977501
0.77150297
0.96788967
0.33556005
-0.02611480
-0.54030001
-0.28604886
0.12831581
0.68869507
-0.52665734
-0.25313205
1.05768895
0.28451207
-0.70927423
-0.52584767
-0.03918466
-0.93415570
-1.09904122
-0.94073349
0.63635260
0.39290190
-0.77314287
-0.17875026
0.13143113
-0.06499165
0.10110939
0.04366768
0.10525828
0.34080914
0.36283240
0.11901829
0.42740977
0.91426402
-0.71483916
-0.63960034
0.86214310
1.05642533
0.60666168
0.19806844
0.14594772
0.70152271
0.45127600
-0.40430608
-0.20321310
0.55150050
0.04310870
0.11047044
-0.06295750
0.31634229
0.42825627
0.14631057
-0.28643844
-0.13877733
-0.13559723
-0.07778999
