-0.50419456
0.19601427
0.33715916
0.05258684
-0.05162619
-1.51149261
0.04013516
-0.28249007
-0.02194886
-0.12052405
2.71079779
-1.17605138
-1.18719137
-0.17293499
0.15296270
-0.57819873
-1.24829233
-0.10404827
-1.60769558
-0.21057299
-0.20109323
-0.64620751
0.21308579
2.46021628
-0.38502991
0.13520913
-3.08312464
-0.43595067
2.12236309
0.35466927
0.10534486
0.63103008
1.11225069
0.11486302
-2.87336588
0.10877123
-0.23833777
0.17846094
-0.21845537
0.11016718
1.02180970
-0.08404379
1.11512876
-0.32366186
0.38072571
0.55359292
1.39095175
1.22263443
-1.76613152
-0.24726500
-0.36649317
0.14006712
-0.30338576
0.12677106
0.21178670
-0.60231459
-0.76695180
0.20496301
0.68937212
1.47102749
0.35376441
0.20980395
-0.30806807
2.72061372
0.83063161
0.15011400
1.05762959
0.06649414
-0.03740907
0.83324409
-0.10556489
-1.48312163
0.59319854
0.19587955
-1.53241825
-0.05666084
-0.56877941
1.76573169
0.32804304
-0.09882911
-0.58624393
-0.20439149
0.75312483
-0.14665373
0.33991790
-2.48020530
0.11066347
1.03940332
1.04735911
0.08523924
0.50805372
2.23317599
0.44926399
-0.21427351
1.75343907
-0.94175279
2.83529782
0.22881211
0.21376735
-0.17683086
0.07565451
-1.65359151
0.05670042
-1.80619442
-1.31648707
-0.11139604
-0.87746519
-1.34665620
0.73398262
-0.58803099
-1.20460582
-0.41981158
0.10829548
0.04713725
0.27065021
0.03767433
0.30858681
2.51057959
-0.18616065
1.86739659
-1.18630230
0.12023514
-0.06075561
1.14493692
-3.19518185
1.20704162
-0.56354821
0.04110227
-0.62602985
-0.05481944
0.02712698
-0.02981876
-0.07610879
0.82587075
0.24509414
-0.12310401
-0.00716395
0.10005581
0.84037274
-0.56689435
1.85084653
-0.28290665
-1.38536012
-1.91747546
-0.83555174
-0.09786096
1.85539937
-0.05753176
0.03736876
2.11417556
-0.08431674
-0.52160031
1.00829208
-0.19188045
-0.50948811
-0.80076200
-1.37993157
-2.27328229
-0.00771045
-0.16817911
