-129
50
86
13
-13
-387
10
-72
-6
-31
694
-301
-304
-44
39
-148
-320
-27
-412
-54
-51
-165
55
630
-99
35
-789
-112
543
91
27
162
285
29
-736
28
-61
46
-56
28
262
-22
285
-83
97
142
356
313
-452
-63
-94
36
-78
32
54
-154
-196
52
176
377
91
54
-79
696
213
38
271
17
-10
213
-27
-380
152
50
-392
-15
-146
452
84
-25
-150
-52
193
-38
87
-635
28
266
268
22
130
572
115
-55
449
-241
726
59
55
-45
19
-423
15
-462
-337
-29
-225
-345
188
-151
-308
-107
28
12
69
10
79
643
-48
478
-304
31
-16
293
-818
309
-144
11
-160
-14
7
-8
-19
211
63
-32
-2
26
215
-145
474
-72
-355
-491
-214
-25
475
-15
10
541
-22
-134
258
-49
-130
-205
-353
-582
-2
-43
