24
30
42
103
39
97
23
21
24
-43
120
-90
-84
31
60
-9
4
-46
113
57
-201
-264
-288
-94
-55
-91
92
-178
-268
47
87
-49
-1
60
327
135
211
178
146
34
-33
-148
85
432
225
98
8
40
1
-112
-58
101
27
100
101
32
7
-30
-76
-232
-159
-93
4
-10
10
-7
27
-19
-19
-19
29
11
31
-26
-32
-25
-22
13
11
27
-17
-22
17
-13
19
-8
18
-25
-16
10
7
-8
19
22
-23
-17
29
-11
-12
-31
-18
8
-4
-23
1
-22
-27
-18
-28
-20
32
6
10
-30
-21
-11
5
-28
-14
-19
0
-12
-2
-22
-22
-19
-11
-25
27
-6
6
-84
-133
6
5
-10
-30
-49
-22
-38
75
17
144
48
-46
-128
12
99
38
91
108
118
-39
215
470
377
127
192
14
-29
13
128
172
-73
95
211
-76
-142
-26
-160
-90
-323
40
54
-188
-165
-40
-135
-164
29
7
-27
-35
-42
17
41
118
125
82
122
49
-9
20
28
-3
-7
0
-2
8
9
-29
-12
27
12
-2
-19
-19
-29
-10
11
21
15
-28
-19
-4
31
5
-8
14
-12
-21
24
-15
-7
-32
21
25
12
-22
-31
-26
24
15
27
17
8
0
-24
-28
-30
13
-16
-6
-18
-5
-23
-21
11
-10
20
-10
-23
-6
-16
-10
-30
18
-22
18
19
27
-23
23
-15
11
24
7
18
11
-22
11
-31
19
18
56
-23
-53
4
4
-32
-3
4
65
-11
-14
34
-17
25
28
5
32
-25
-58
-2
31
-16
-21
-8
-12
-22
3
17
3
-12
-26
24
-17
7
5
19
38
16
-28
11
29
10
28
37
-5
7
-22
-12
-38
-108
-143
-109
-50
-34
-17
50
50
109
-4
-105
-55
-54
37
216
191
256
163
237
-27
-246
30
86
51
-305
280
407
140
-119
51
51
-123
52
594
141
-184
-28
-17
-190
-193
-94
-191
-217
-164
-52
-41
-31
-113
-265
-61
27
-59
-23
5
54
173
162
226
116
47
26
0
29
-27
-12
19
-7
-7
-13
22
16
11
-17
-26
4
9
-15
-10
19
-3
-4
-12
-32
-31
-15
-17
8
-13
-15
26
4
21
-16
-13
11
-22
-20
-5
-16
-25
19
26
5
-5
-31
-18
6
16
-4
-13
18
-25
18
-17
0
-6
4
-10
23
-1
23
28
-16
-23
26
25
-29
-35
-69
-70
-85
-12
6
-11
-7
-116
-5
-140
-86
43
-14
39
45
119
395
374
89
183
142
92
97
-36
-264
252
-156
-122
31
26
-167
-358
-259
-108
-132
-38
3
22
19
-54
205
-64
-160
42
42
3
100
181
-132
16
40
12
33
24
17
-4
54
142
58
-11
-30
10
-27
-33
-69
-19
-56
15
-1
-8
-24
-56
103
236
110
49
27
-15
-85
102
188
-88
116
63
67
-53
5
107
-39
-276
-7
-154
3
26
5
76
120
164
17
-197
9
-17
75
-11
-193
5
2
61
58
17
21
45
-61
-76
171
133
2
-31
-43
-19
6
30
88
66
-7
-9
17
-16
-15
20
-28
4
28
5
9
-19
0
2
8
12
28
-24
1
-16
-25
-3
-28
22
4
-17
17
-30
-12
-6
-27
-20
-5
24
31
20
-19
-21
28
11
1
4
-26
-11
31
-8
-2
-27
-18
-1
-20
-4
13
-31
10
-21
-16
12
25
-9
-13
-29
-17
-28
-7
6
-33
34
44
-45
-45
-14
-7
-3
-14
166
217
243
-57
-225
-3
18
114
318
183
259
364
236
117
40
-42
-95
1
-381
159
218
128
38
-20
80
31
-311
149
-19
120
46
296
283
-140
-68
190
164
95
-21
60
104
297
112
-23
52
39
27
11
-34
212
231
5
-32
-26
8
-28
-18
-48
-37
24
-3
15
22
16
150
23
-149
55
93
49
18
147
243
61
-82
114
183
125
9
-9
113
107
10
-142
-356
-18
-8
-152
-173
-35
121
353
95
-9
16
33
-335
-302
41
70
69
-6
4
20
48
95
84
33
-77
17
-13
23
98
186
140
-17
-27
-32
-21
35
46
98
62
17
4
-6
-25
-25
-15
162
300
115
56
24
-43
-58
138
-29
-268
-106
83
92
-39
-29
-45
150
282
-74
9
69
-13
-67
-329
571
348
-309
-175
13
50
112
230
-26
-29
212
200
20
34
111
90
19
252
356
102
-10
-10
-56
-75
-14
-51
-4
29
0
-28
-22
-67
-67
-38
-4
-5
-19
12
2
-26
-157
-272
-12
167
21
34
103
-14
-228
-372
193
158
23
31
-71
134
312
12
-13
-121
-57
-9
154
189
-91
113
132
83
26
19
100
-139
-76
24
-62
-26
-15
16
17
-40
-37
94
112
-19
-17
-27
-13
-74
-128
-69
-114
-24
7
-11
-17
-28
-36
15
-16
6
-2
5
-17
-131
-108
-129
-159
-85
23
19
-81
-120
-87
-18
164
94
51
-37
-80
51
99
23
-65
-140
32
-9
92
251
98
220
-29
-72
21
-12
132
43
0
20
-91
24
25
-29
-52
-204
-303
-271
-49
-12
-5
25
4
-27
-57
-22
-28
24
4
-24
5
-5
76
125
78
-4
-8
19
123
198
248
86
-7
-138
-73
33
176
-135
-65
271
73
-182
-135
-10
-239
-281
-241
163
101
-198
-46
34
-17
26
11
27
87
93
30
109
234
-183
-164
221
270
155
51
37
180
116
-104
-52
141
11
28
-16
81
110
37
-73
-36
-35
-20
